,PDH,Peroxidase,Oxidoreductase,CDH,Oxidase,Cytochrome,LPMO,CBM_only,esterase,GH
PDH,0,0,0,0,13,1,0,0,0,2
Peroxidase,0,0,1,7,0,57,8,1,0,0
Oxidoreductase,0,1,0,60,0,16,100,71,0,0
CDH,0,7,60,1,0,23,54,37,0,0
Oxidase,13,0,0,0,0,14,12,26,11,11
Cytochrome,1,57,16,23,14,0,29,31,36,32
LPMO,0,8,100,54,12,29,35,51,21,22
CBM_only,0,1,71,37,26,31,51,8,21,39
esterase,0,0,0,0,11,36,21,21,14,17
GH,2,0,0,0,11,32,22,39,17,21
